

sntft6.asat=1.068447e+00
sntft6.at=2.725454e-08
sntft6.bt=1.126806e-06
sntft6.lasat=2.192846e-07
sntft6.blk=6.234518e-04
sntft6.i0=6.363844e+00
sntft6.i00=1.378281e+03
sntft6.dd=1.358443e-07
sntft6.dg=2.583566e-07
sntft6.delta=2.177203e+00
sntft6.eta=6.840987e+00
sntft6.lkink=1.278053e-05
sntft6.mkink=1.897598e+00
sntft6.vkink=2.980140e+01
sntft6.mmu=3.204102e+00
sntft6.mu1=2.894728e-03
sntft6.mus=1.692650e+00
sntft6.von=8.505678e-01
sntft6.dvt=6.566430e-01
sntft6.rd=0
sntft6.rs=1.313638e+00
sntft6.eb=6.800000e-01
sntft6.muo=9.697112e+01
sntft6.rsh=0
sntft6.tox=1.000000e-07
sntft6.me=5.702255e+00
sntft6.meta=1.274279e+00
sntft6.mss=2.388953e+00
sntft6.vmax=1.306183e+05
sntft6.theta=0

