

sntft10.asat=1.047829e+00
sntft10.at=2.444107e-09
sntft10.bt=2.526905e-06
sntft10.lasat=4.262506e-07
sntft10.blk=1.031018e-03
sntft10.i0=6.265772e+00
sntft10.i00=6.518711e+00
sntft10.dd=1.180345e-07
sntft10.dg=1.739938e-07
sntft10.delta=4.545246e+00
sntft10.eta=3.774098e+00
sntft10.lkink=2.987842e-05
sntft10.mkink=3.756299e-01
sntft10.vkink=2.211076e+01
sntft10.mmu=2.092661e+00
sntft10.mu1=7.973408e-03
sntft10.mus=7.565115e-01
sntft10.von=1.439507e+00
sntft10.dvt=4.835731e-01
sntft10.rd=1.956823e+02
sntft10.rs=3.928337e+02
sntft10.eb=6.800000e-01
sntft10.muo=9.059180e+01
sntft10.rsh=0
sntft10.tox=1.000000e-07
sntft10.me=6.782676e+00
sntft10.meta=2.711613e+00
sntft10.mss=6.755854e+00
sntft10.vmax=4.995166e+04
sntft10.theta=0

