

sntft4.asat=9.320175e-01
sntft4.at=1.225206e-08
sntft4.bt=1.531789e-06
sntft4.lasat=3.785064e-10
sntft4.blk=1.873650e-03
sntft4.i0=6.468443e+00
sntft4.i00=1.882077e+00
sntft4.dd=1.490986e-07
sntft4.dg=1.542022e-07
sntft4.delta=3.600495e+00
sntft4.eta=9.619577e-01
sntft4.lkink=2.411501e-05
sntft4.mkink=1.730887e-01
sntft4.vkink=1.033749e+01
sntft4.mmu=1.735905e+00
sntft4.mu1=3.343217e-03
sntft4.mus=2.763387e-01
sntft4.von=6.257095e-01
sntft4.dvt=1.358165e-01
sntft4.rd=2.549775e+02
sntft4.rs=1.356771e+02
sntft4.eb=6.800000e-01
sntft4.muo=1.099613e+02
sntft4.rsh=0
sntft4.tox=1.000000e-07
sntft4.me=5.195226e+00
sntft4.meta=1.388088e+00
sntft4.mss=1.336948e+00
sntft4.vmax=1.041833e+05
sntft4.theta=0

