

sntft7.asat=2.926383e+00
sntft7.at=9.379258e-09
sntft7.bt=1.264121e-06
sntft7.lasat=1.691600e-07
sntft7.blk=8.895280e-04
sntft7.i0=5.478380e+00
sntft7.i00=2.472479e+02
sntft7.dd=1.163714e-07
sntft7.dg=2.657038e-07
sntft7.delta=3.549311e+00
sntft7.eta=3.561095e+00
sntft7.lkink=1.788365e-05
sntft7.mkink=7.402411e-01
sntft7.vkink=3.847746e+01
sntft7.mmu=2.051432e+00
sntft7.mu1=3.429390e-03
sntft7.mus=8.900461e-01
sntft7.von=9.923886e-01
sntft7.dvt=5.414444e-02
sntft7.rd=5.283324e+02
sntft7.rs=3.345976e+02
sntft7.eb=6.800000e-01
sntft7.muo=1.440001e+01
sntft7.rsh=0
sntft7.tox=1.000000e-07
sntft7.me=4.669428e+00
sntft7.meta=2.732468e+00
sntft7.mss=2.105747e+00
sntft7.vmax=4.688324e+04
sntft7.theta=0

