

sntft9.asat=7.077579e-01
sntft9.at=6.600031e-10
sntft9.bt=1.623326e-06
sntft9.lasat=3.218751e-07
sntft9.blk=5.757404e-04
sntft9.i0=1.735384e+01
sntft9.i00=8.496574e+01
sntft9.dd=1.293198e-07
sntft9.dg=1.524782e-07
sntft9.delta=4.411623e+00
sntft9.eta=3.464683e+00
sntft9.lkink=1.780350e-05
sntft9.mkink=3.481322e+00
sntft9.vkink=5.457318e+01
sntft9.mmu=3.035456e+00
sntft9.mu1=7.933683e-03
sntft9.mus=6.689940e-01
sntft9.von=1.243837e+00
sntft9.dvt=3.070910e-01
sntft9.rd=4.422404e+02
sntft9.rs=3.910523e+02
sntft9.eb=6.800000e-01
sntft9.muo=1.426946e+02
sntft9.rsh=0
sntft9.tox=1.000000e-07
sntft9.me=5.007572e+00
sntft9.meta=1.939865e+00
sntft9.mss=2.764365e+00
sntft9.vmax=1.173848e+05
sntft9.theta=0

