
























sntft2.asat=6.536225e-01
sntft2.at=1.092755e-09
sntft2.bt=1.836008e-06
sntft2.lasat=1.955800e-07
sntft2.blk=7.262226e-04
sntft2.i0=5.342213e+00
sntft2.i00=2.812637e+03
sntft2.dd=1.223740e-07
sntft2.dg=1.872415e-07
sntft2.delta=3.286375e+00
sntft2.eta=6.941622e+00
sntft2.lkink=5.806036e-07
sntft2.mkink=3.768773e+00
sntft2.vkink=1.148979e+01
sntft2.mmu=3.156433e+00
sntft2.mu1=8.421682e-03
sntft2.mus=1.590742e+00
sntft2.von=3.631654e-01
sntft2.dvt=2.052925e-01
sntft2.rd=5.989658e+02
sntft2.rs=4.051141e+02
sntft2.eb=6.800000e-01
sntft2.muo=1.141989e+02
sntft2.rsh=0
sntft2.tox=1.000000e-07
sntft2.me=3.310918e+00
sntft2.meta=2.227622e+00
sntft2.mss=2.339816e+00
sntft2.vmax=7.546043e+04
sntft2.theta=0

