

sntft8.asat=6.873083e-01
sntft8.at=2.495901e-09
sntft8.bt=2.305917e-06
sntft8.lasat=9.073180e-08
sntft8.blk=2.814080e-04
sntft8.i0=3.388980e+01
sntft8.i00=2.077778e+03
sntft8.dd=1.456970e-07
sntft8.dg=1.345259e-07
sntft8.delta=2.355283e+00
sntft8.eta=2.065891e+00
sntft8.lkink=3.100361e-06
sntft8.mkink=1.443757e+00
sntft8.vkink=3.545666e+01
sntft8.mmu=1.962287e+00
sntft8.mu1=4.083258e-03
sntft8.mus=1.111500e-01
sntft8.von=1.022311e+00
sntft8.dvt=8.328618e-02
sntft8.rd=4.899881e+02
sntft8.rs=3.806937e+02
sntft8.eb=6.800000e-01
sntft8.muo=8.916190e+01
sntft8.rsh=0
sntft8.tox=1.000000e-07
sntft8.me=3.296790e+00
sntft8.meta=2.206821e+00
sntft8.mss=2.609951e+00
sntft8.vmax=1.083913e+04
sntft8.theta=0

