

sntft3.asat=1.072849e+00
sntft3.at=2.553597e-10
sntft3.bt=2.548295e-06
sntft3.lasat=6.818652e-07
sntft3.blk=8.047804e-05
sntft3.i0=5.992539e+01
sntft3.i00=1.442675e+02
sntft3.dd=1.301184e-07
sntft3.dg=2.248584e-07
sntft3.delta=2.178087e-01
sntft3.eta=3.221573e+00
sntft3.lkink=1.530698e-05
sntft3.mkink=3.728636e+00
sntft3.vkink=1.941279e+01
sntft3.mmu=1.889418e+00
sntft3.mu1=1.129403e-02
sntft3.mus=5.385186e-01
sntft3.von=5.093019e-01
sntft3.dvt=1.638313e-01
sntft3.rd=1.395061e+02
sntft3.rs=4.068883e+02
sntft3.eb=6.800000e-01
sntft3.muo=1.345319e+02
sntft3.rsh=0
sntft3.tox=1.000000e-07
sntft3.me=5.155909e+00
sntft3.meta=3.055730e+00
sntft3.mss=1.230400e+00
sntft3.vmax=5.946718e+03
sntft3.theta=0

