

sntft5.asat=7.632418e-01
sntft5.at=1.175779e-09
sntft5.bt=1.741013e-06
sntft5.lasat=2.712095e-07
sntft5.blk=5.481859e-03
sntft5.i0=3.584914e-01
sntft5.i00=1.506343e+01
sntft5.dd=1.652128e-07
sntft5.dg=1.254379e-07
sntft5.delta=2.472946e+00
sntft5.eta=3.357006e+00
sntft5.lkink=3.508367e-08
sntft5.mkink=3.532111e+00
sntft5.vkink=5.439685e+00
sntft5.mmu=7.233390e+00
sntft5.mu1=1.072969e-03
sntft5.mus=2.104453e-02
sntft5.von=7.480096e-01
sntft5.dvt=9.022633e-02
sntft5.rd=5.996401e+02
sntft5.rs=3.041597e+01
sntft5.eb=6.800000e-01
sntft5.muo=1.255205e+02
sntft5.rsh=0
sntft5.tox=1.000000e-07
sntft5.me=2.297520e+00
sntft5.meta=4.772052e-01
sntft5.mss=3.669416e+00
sntft5.vmax=1.023211e+05
sntft5.theta=0

