

sntft1.asat=6.942741e-01
sntft1.at=6.373259e-10
sntft1.bt=1.287546e-08
sntft1.lasat=4.020999e-07
sntft1.blk=2.106096e-03
sntft1.i0=2.384946e+01
sntft1.i00=3.049598e+03
sntft1.dd=2.210899e-07
sntft1.dg=1.739723e-07
sntft1.delta=3.933336e+00
sntft1.eta=3.008936e+00
sntft1.lkink=5.131877e-06
sntft1.mkink=2.177866e+00
sntft1.vkink=3.756448e+01
sntft1.mmu=3.166379e+00
sntft1.mu1=5.729516e-03
sntft1.mus=1.968657e+00
sntft1.von=-1.653523e-01
sntft1.dvt=9.863956e-02
sntft1.rd=3.591789e+02
sntft1.rs=2.517146e+02
sntft1.eb=6.800000e-01
sntft1.muo=1.786426e+02
sntft1.rsh=0
sntft1.tox=1.000000e-07
sntft1.me=2.272168e+00
sntft1.meta=1.268638e+00
sntft1.mss=2.922057e+00
sntft1.vmax=1.076503e+05
sntft1.theta=0
